Model , Train Time , Min Loss
FC_ReLU_iters-2000_L-5_hFactor-2: 69.12151924769084, 3.9488750195503233
FC_ReLU_iters-2000_L-5_hFactor-3: 450.2497642834981, 3.7281903628508246
FC_ReLU_iters-2000_L-5_hFactor-4: 3653.5823713938394, 2.4598121293385824
FC_ReLU_iters-2000_L-3_hFactor-2: 30.886545340220135, 9.604889623324077
FC_ReLU_iters-2000_L-3_hFactor-4: 143.0358637968699, 4.534076972007751
FC_ReLU_iters-2000_L-3_hFactor-5: 338.1021381219228, 4.177056980530421
FC_ReLU_iters-2000_L-2_hFactor-2: 23.806830724080402, 9.725038323402405
FC_ReLU_iters-2000_L-3_hFactor-7: 1103.3988920847576, 2.305690274834633
FC_ReLU_iters-2000_L-1_hFactor-2: 20.50570797920227, 11.925453166961669
FC_ReLU_iters-2000_L-4_hFactor-2: 53.17320473988851, 9.534140644073487
FC_ReLU_iters-2000_L-6_hFactor-2: 130.04354151089987, 7.158985339800516
FC_ReLU_iters-2000_L-7_hFactor-2: 202.45965560277304, 5.930425300598145
FC_ReLU_iters-2000_L-8_hFactor-2: 401.2591616312663, 2.8963718163967136
FC_ReLU_iters-2000_L-9_hFactor-2: 845.6049790382385, 2.7922637641429895
FC_ReLU_iters-2000_L-1_hFactor-3: 19.085896571477253, 10.382836470603943
FC_ReLU_iters-2000_L-1_hFactor-4: 22.981361548105877, 10.382836470603943
FC_ReLU_iters-2000_L-1_hFactor-5: 25.918112595876057, 10.269113397598266
FC_ReLU_iters-2000_L-1_hFactor-6: 29.462025086085003, 8.687765029271445
FC_ReLU_iters-2000_L-1_hFactor-7: 33.3049484093984, 5.757843812306722
FC_ReLU_iters-2000_L-2_hFactor-3: 29.703694502512615, 5.4592814445495605
FC_ReLU_iters-2000_L-2_hFactor-4: 44.58947785695394, 5.4592814445495605
FC_ReLU_iters-2000_L-2_hFactor-5: 65.63189125061035, 5.4592814445495605
FC_ReLU_iters-2000_L-2_hFactor-6: 91.84336129824321, 4.878270705540975
FC_ReLU_iters-2000_L-2_hFactor-7: 138.735298315684, 3.7162492275238037
FC_ReLU_iters-2000_L-3_hFactor-3: 59.032848278681435, 6.172157162030538
FC_ReLU_iters-2000_L-3_hFactor-6: 540.7883696556091, 3.4984443759918213
FC_ReLU_iters-2000_L-4_hFactor-3: 128.38356359799704, 2.9654601442813875
FC_ReLU_iters-2000_L-4_hFactor-4: 448.03253475824994, 2.6918764555454255
FC_ReLU_iters-2000_L-4_hFactor-5: 1545.0812563101451, 2.181011629899343
FC_ReLU_iters-2000_L-6_hFactor-3: 1654.7130935986836, 2.124258987903595
