Model , Train Time , Min Loss
FC_ReLU_iters-2000_L-1_hFactor-5: 33.45078571637472, 234.89182017008466
FC_ReLU_iters-2000_L-1_hFactor-10: 55.74560968081156, 196.05365025838216
FC_ReLU_iters-2000_L-1_hFactor-15: 83.15844527880351, 178.66147247314453
FC_ReLU_iters-2000_L-1_hFactor-20: 108.31703003247578, 167.25856018066406
FC_ReLU_iters-2000_L-1_hFactor-25: 130.90753467877707, 167.25856018066406
FC_ReLU_iters-2000_L-1_hFactor-30: 153.98247075080872, 167.25856018066406
FC_ReLU_iters-2000_L-1_hFactor-35: 168.8423322836558, 163.7231190999349
FC_ReLU_iters-2000_L-1_hFactor-40: 187.65432993570963, 160.13636779785156
FC_ReLU_iters-2000_L-1_hFactor-50: 276.0127317905426, 156.49830627441406
FC_ReLU_iters-2000_L-1_hFactor-60: 341.45271547635394, 156.49830627441406
FC_ReLU_iters-2000_L-1_hFactor-75: 424.59940179189044, 155.16326113382976
FC_ReLU_iters-2000_L-1_hFactor-85: 466.5555188655853, 142.31317138671875
FC_ReLU_iters-2000_L-1_hFactor-100: 563.974449078242, 140.4893035888672
